
==================================================
Processing file: calle_condesa_de_trifaldi_albacete_500_0_candidates_18_ns_3.json
Candidate intersections: [1530722125, 1836678891, 1526728367, 1845567634, 332441491, 539424015, 1529201953, 1577713909, 1529202049, 1529475301, 539831088, 1529475130, 1529202109, 1529202087, 539831085, 4575714131, 1530704878, 9517864886]
Number of stations: 3

Testing Genetic Algorithm...
GA Execution Time: 0.178290 seconds
GA Best Fitness: 9.954323192442509
GA Best Solution: [1, 0, 0, 1, 0, 0, 0, 0, 0, 0, 1, 0, 0, 0, 0, 0, 0, 0]

Testing Random Search...
RS Execution Time: 0.068097 seconds
RS Best Fitness: 9.954323192442509
RS Best Solution: [0, 0, 0, 1, 0, 0, 0, 0, 1, 0, 1, 0, 0, 0, 0, 0, 0, 0]

Testing Hill Climbing...
HC Execution Time: 0.007258 seconds
HC Best Fitness: 9.954323192442509
HC Best Solution: [0, 0, 0, 1, 0, 0, 0, 0, 1, 0, 1, 0, 0, 0, 0, 0, 0, 0]

Testing Iterated Local Search...
ILS Execution Time: 0.364841 seconds
ILS Best Fitness: 9.954323192442509
ILS Best Solution: [0, 0, 0, 1, 0, 0, 0, 0, 1, 0, 1, 0, 0, 0, 0, 0, 0, 0]

==================================================
Processing file: calle_herreros_albacete_250_1_candidates_25_ns_5.json
Candidate intersections: [946558782, 1835328230, 772970909, 1312091205, 772970912, 4404600176, 2101156997, 4404600177, 772970908, 4575714125, 1264303774, 265487272, 430169696, 1994438273, 1531612082, 430305114, 1529724413, 4404600179, 1835328244, 430171573, 772970906, 1531612218, 946565137, 1123928168, 1264303755]
Number of stations: 5

Testing Genetic Algorithm...
GA Execution Time: 0.611858 seconds
GA Best Fitness: 3.5499137160424183
GA Best Solution: [0, 0, 0, 0, 1, 0, 0, 0, 1, 0, 0, 0, 0, 0, 0, 1, 1, 0, 0, 0, 0, 0, 1, 0, 0]

Testing Random Search...
RS Execution Time: 0.394865 seconds
RS Best Fitness: 3.621390264730797
RS Best Solution: [0, 0, 0, 0, 1, 0, 0, 0, 0, 0, 0, 0, 0, 0, 1, 0, 1, 0, 0, 1, 0, 0, 1, 0, 0]

Testing Hill Climbing...
HC Execution Time: 0.074332 seconds
HC Best Fitness: 3.6441776558529084
HC Best Solution: [1, 0, 0, 0, 1, 0, 0, 0, 0, 0, 0, 0, 0, 0, 0, 1, 1, 0, 0, 0, 0, 0, 0, 1, 0]

Testing Iterated Local Search...
ILS Execution Time: 1.667679 seconds
ILS Best Fitness: 3.5499137160424183
ILS Best Solution: [0, 0, 0, 0, 1, 0, 0, 0, 0, 0, 0, 0, 0, 0, 0, 1, 1, 0, 0, 1, 0, 0, 1, 0, 0]

==================================================
Processing file: camino_de_alto_los_chorlitos_albacete_2000_2_candidates_38_ns_6.json
Candidate intersections: [1587239651, 8459138377, 1537104079, 1954979595, 2006871999, 1560680561, 1534989228, 1545718220, 1733470460, 1603945214, 1537103992, 1954979538, 1958868552, 8493876126, 2006872082, 1545913495, 1733496692, 8729120008, 2710628843, 1733470041, 1954979570, 1958868526, 1733469709, 9630348447, 1537057958, 2006872078, 1566089589, 1569312254, 2180941616, 3619283333, 1955584539, 344863325, 9503910580, 344907347, 1566089587, 1913991646, 1537104308, 2710628886]
Number of stations: 6

Testing Genetic Algorithm...
GA Execution Time: 1.568576 seconds
GA Best Fitness: 18.719542698314733
GA Best Solution: [0, 1, 0, 0, 0, 0, 0, 0, 1, 0, 1, 0, 0, 0, 1, 0, 0, 0, 1, 0, 0, 1, 0, 0, 0, 0, 0, 0, 0, 0, 0, 0, 0, 0, 0, 0, 0, 0]

Testing Random Search...
RS Execution Time: 0.756741 seconds
RS Best Fitness: 19.649225517130404
RS Best Solution: [0, 0, 0, 0, 1, 0, 0, 0, 0, 0, 0, 0, 1, 1, 0, 0, 0, 0, 0, 0, 0, 0, 1, 0, 0, 0, 1, 0, 0, 0, 0, 0, 1, 0, 0, 0, 0, 0]

Testing Hill Climbing...
HC Execution Time: 0.382185 seconds
HC Best Fitness: 18.719542698314733
HC Best Solution: [0, 1, 0, 0, 0, 0, 0, 0, 1, 0, 1, 0, 0, 0, 1, 0, 0, 0, 0, 0, 0, 1, 0, 0, 0, 0, 0, 0, 0, 0, 0, 0, 1, 0, 0, 0, 0, 0]

Testing Iterated Local Search...
ILS Execution Time: 8.766376 seconds
ILS Best Fitness: 18.719542698314733
ILS Best Solution: [0, 1, 0, 0, 0, 0, 0, 0, 1, 0, 1, 0, 0, 0, 1, 0, 0, 0, 0, 0, 0, 1, 0, 0, 0, 0, 0, 0, 0, 0, 0, 0, 1, 0, 0, 0, 0, 0]

==================================================
Processing file: calle_f_albacete_2000_0_candidates_25_ns_4.json
Candidate intersections: [1773309963, 5582955075, 7350762710, 1539997530, 1788442041, 1563381063, 4221333605, 7350762713, 5582955082, 2029556667, 1545924638, 4221333375, 1545924655, 7350762742, 7350762715, 2161030013, 7350762741, 1557019715, 1557019791, 1845137739, 5582955061, 1961392153, 1557019966, 2163186255, 4224196989]
Number of stations: 4

Testing Genetic Algorithm...
GA Execution Time: 0.669215 seconds
GA Best Fitness: 13.571386058999915
GA Best Solution: [0, 0, 1, 1, 0, 0, 0, 0, 0, 0, 0, 0, 0, 0, 0, 0, 0, 0, 0, 0, 0, 0, 0, 1, 1]

Testing Random Search...
RS Execution Time: 0.412207 seconds
RS Best Fitness: 14.201646687966939
RS Best Solution: [1, 0, 1, 0, 0, 0, 0, 0, 0, 0, 0, 0, 0, 0, 0, 1, 0, 0, 0, 0, 0, 1, 0, 0, 0]

Testing Hill Climbing...
HC Execution Time: 0.020167 seconds
HC Best Fitness: 13.571386058999915
HC Best Solution: [0, 0, 1, 1, 0, 0, 0, 0, 0, 0, 0, 0, 0, 0, 0, 0, 0, 0, 0, 0, 0, 1, 0, 0, 1]

Testing Iterated Local Search...
ILS Execution Time: 1.468255 seconds
ILS Best Fitness: 13.571386058999915
ILS Best Solution: [0, 0, 1, 1, 0, 0, 0, 0, 0, 0, 0, 0, 0, 0, 0, 0, 0, 0, 0, 0, 0, 1, 0, 0, 1]

==================================================
Processing file: calle_agustina_aroca_albacete_250_0_candidates_75_ns_7.json
Candidate intersections: [1572435237, 1527972843, 1554813467, 550378434, 335607957, 335720310, 335720308, 1554807113, 1528181116, 1574608077, 335720312, 335896877, 1528181134, 335896858, 1560897796, 1554807105, 335607956, 1557262702, 335720304, 1528181113, 1554813465, 1530897624, 550376433, 1528181121, 1253952549, 1110616069, 1528181111, 1530897496, 1845484948, 1560897869, 1991970573, 1528181133, 1528181128, 1554813429, 335607958, 335893163, 618009048, 1560900347, 335893167, 1526105938, 1528181129, 1572435245, 1526105986, 1528822981, 1530209382, 1530897682, 1530897844, 1574598070, 1530209368, 1527972839, 1970003852, 1835353347, 550376458, 1528822987, 1560900349, 1554807214, 1560897811, 550376452, 335720305, 1526105983, 335720315, 1572435255, 1526106002, 1574608082, 1526105988, 1991970566, 1528822986, 1554807109, 1530209348, 1530209339, 1574608089, 1554807205, 1528181137, 1528181122, 550376456]
Number of stations: 7

Testing Genetic Algorithm...
GA Execution Time: 5.787582 seconds
GA Best Fitness: 3.869732439801772
GA Best Solution: [0, 0, 0, 0, 0, 0, 0, 0, 0, 0, 0, 0, 0, 0, 0, 0, 0, 0, 0, 0, 0, 0, 0, 0, 0, 0, 0, 0, 0, 0, 1, 0, 1, 0, 1, 0, 0, 0, 0, 0, 0, 0, 0, 0, 0, 0, 0, 0, 0, 0, 0, 0, 0, 0, 1, 0, 0, 0, 0, 0, 0, 1, 0, 0, 0, 0, 1, 0, 0, 0, 0, 0, 0, 0, 1]

Testing Random Search...
RS Execution Time: 2.480055 seconds
RS Best Fitness: 4.610481378972563
RS Best Solution: [0, 0, 1, 1, 0, 0, 0, 0, 0, 0, 0, 0, 1, 0, 0, 0, 0, 0, 0, 1, 0, 0, 0, 0, 0, 0, 0, 1, 0, 0, 0, 0, 0, 0, 1, 0, 0, 0, 0, 0, 0, 0, 0, 0, 0, 0, 0, 0, 0, 0, 0, 0, 0, 0, 0, 0, 0, 0, 0, 0, 0, 0, 0, 0, 0, 0, 0, 0, 0, 0, 0, 1, 0, 0, 0]

Testing Hill Climbing...
HC Execution Time: 1.644503 seconds
HC Best Fitness: 3.869732439801772
HC Best Solution: [0, 0, 0, 0, 0, 0, 0, 0, 0, 0, 0, 0, 0, 0, 0, 0, 0, 0, 0, 0, 0, 0, 0, 0, 0, 0, 0, 0, 0, 0, 1, 0, 1, 0, 1, 0, 0, 0, 0, 0, 0, 0, 0, 0, 0, 0, 0, 0, 0, 0, 0, 0, 0, 0, 1, 0, 0, 0, 0, 0, 0, 1, 0, 0, 0, 0, 1, 0, 0, 0, 0, 0, 0, 0, 1]

Testing Iterated Local Search...
ILS Execution Time: 66.508371 seconds
ILS Best Fitness: 3.825859077774038
ILS Best Solution: [0, 0, 0, 0, 0, 0, 0, 0, 0, 1, 0, 0, 0, 0, 0, 0, 0, 0, 0, 0, 0, 0, 0, 0, 0, 0, 0, 0, 0, 0, 1, 0, 1, 0, 1, 0, 0, 0, 0, 0, 0, 0, 0, 0, 0, 0, 0, 0, 0, 0, 0, 0, 0, 0, 0, 0, 0, 0, 0, 0, 0, 1, 0, 0, 0, 0, 1, 0, 0, 0, 0, 0, 0, 0, 1]

==================================================
Processing file: calle_franciscanos_albacete_500_3_candidates_107_ns_8.json
Candidate intersections: [1529197040, 2736548951, 672063710, 1255528486, 1578461153, 1528823330, 1530201979, 1255547650, 1322980461, 1529197051, 1256004135, 1554807128, 1529477714, 1529197053, 672069218, 1322980462, 1531659796, 1255547631, 6296438172, 1256026700, 1256026682, 1255547649, 1255547622, 1845484942, 1573048095, 1528823271, 1984658040, 621979242, 1256004134, 1528832266, 443511409, 1526705357, 1529202023, 1528823379, 434014584, 1557279034, 443511897, 1533751788, 621983933, 1530201964, 1628459226, 1540598147, 1528823390, 1580652280, 1256004122, 1255547640, 1736087418, 1992568962, 1991916949, 1628459221, 1256602818, 1255547644, 1256004131, 672060821, 1636580982, 1322977377, 1529623348, 1530705020, 1255547637, 1845484937, 1255547629, 672063300, 335607943, 1533751804, 1736133420, 1993610440, 1528823253, 1322977384, 2736548945, 1788243280, 1528832258, 1529202095, 1528823372, 1528823331, 333719887, 1528823342, 1984210179, 1528823325, 1256004126, 1528823332, 1255528462, 1529477449, 1736133421, 1255528474, 672063299, 1255528477, 621979263, 1554779027, 434014596, 1429086687, 1256602816, 1529623350, 1562200768, 1322977383, 1528823328, 1573048063, 1255547648, 1529623340, 1255547645, 1528823351, 1322980464, 9454338198, 335607940, 1628459229, 4575714122, 1540626757, 1256026634]
Number of stations: 8

Testing Genetic Algorithm...
GA Execution Time: 14.915936 seconds
GA Best Fitness: 8.038160839605691
GA Best Solution: [0, 0, 1, 0, 1, 0, 0, 0, 0, 0, 0, 0, 0, 1, 0, 0, 0, 0, 0, 0, 0, 0, 0, 0, 1, 0, 0, 0, 0, 0, 0, 0, 0, 0, 0, 0, 0, 0, 0, 0, 0, 0, 0, 0, 0, 0, 0, 0, 0, 0, 0, 0, 0, 0, 0, 0, 0, 0, 0, 0, 0, 0, 0, 0, 0, 0, 0, 0, 0, 1, 0, 0, 1, 0, 0, 0, 0, 0, 0, 0, 0, 1, 0, 0, 0, 0, 0, 0, 0, 0, 0, 0, 0, 0, 0, 0, 0, 0, 0, 0, 0, 0, 1, 0, 0, 0, 0]

Testing Random Search...
RS Execution Time: 4.014420 seconds
RS Best Fitness: 9.189073927942538
RS Best Solution: [1, 0, 1, 0, 0, 0, 0, 0, 0, 0, 0, 0, 0, 0, 0, 0, 0, 0, 0, 0, 0, 0, 0, 0, 0, 0, 0, 0, 0, 0, 0, 0, 0, 0, 1, 0, 0, 1, 0, 1, 0, 0, 0, 0, 0, 0, 0, 0, 0, 0, 0, 1, 0, 0, 0, 0, 0, 0, 0, 0, 0, 0, 1, 0, 1, 0, 0, 0, 0, 0, 0, 0, 0, 0, 0, 0, 0, 0, 0, 0, 0, 0, 0, 0, 0, 0, 0, 0, 0, 0, 0, 0, 0, 0, 0, 0, 0, 0, 0, 0, 0, 0, 0, 0, 0, 0, 0]

Testing Hill Climbing...
HC Execution Time: 3.293292 seconds
HC Best Fitness: 7.955984492822351
HC Best Solution: [0, 0, 0, 0, 0, 0, 0, 0, 0, 0, 0, 0, 0, 0, 0, 0, 0, 0, 0, 0, 0, 0, 0, 0, 1, 0, 0, 0, 0, 0, 0, 0, 0, 0, 0, 0, 0, 0, 0, 0, 0, 0, 0, 0, 0, 0, 0, 0, 0, 0, 1, 0, 0, 0, 0, 0, 0, 0, 0, 0, 0, 0, 0, 0, 0, 0, 0, 0, 0, 0, 0, 0, 0, 0, 0, 0, 1, 1, 0, 0, 0, 1, 0, 0, 0, 0, 0, 0, 0, 0, 0, 0, 0, 0, 0, 0, 1, 0, 1, 0, 0, 0, 1, 0, 0, 0, 0]

Testing Iterated Local Search...
ILS Execution Time: 121.969569 seconds
ILS Best Fitness: 7.8713651341177036
ILS Best Solution: [0, 0, 0, 0, 1, 0, 0, 0, 0, 0, 0, 0, 0, 0, 0, 0, 0, 0, 0, 0, 0, 0, 0, 0, 1, 0, 0, 0, 0, 0, 0, 1, 0, 0, 0, 0, 0, 0, 0, 0, 0, 0, 0, 0, 0, 0, 0, 0, 0, 0, 0, 0, 0, 0, 0, 0, 0, 0, 0, 0, 0, 0, 0, 0, 0, 0, 0, 0, 0, 0, 0, 0, 0, 0, 0, 0, 1, 1, 0, 0, 0, 1, 0, 0, 0, 0, 0, 0, 0, 0, 0, 0, 0, 0, 0, 0, 1, 0, 1, 0, 0, 0, 0, 0, 0, 0, 0]
